"pel"	"year"	"mon"	"var"	"value"	"time"
"1"	0	1967	6	"ptot"	228	1967.44520547945
"2"	0	1967	7	"ptot"	132.5	1967.53287671233
"3"	0	1967	8	"ptot"	224.2	1967.63287671233
"4"	0	1967	9	"ptot"	375.714285714286	1967.71467710372
"5"	0	1968	6	"ptot"	319.944444444444	1968.46372191864
"6"	0	1968	7	"ptot"	345	1968.53005464481
"7"	0	1968	8	"ptot"	406.111111111111	1968.63281724347
"8"	0	1968	9	"ptot"	515.277777777778	1968.71007893139
"9"	0	1969	6	"ptot"	241.909090909091	1969.46151930262
"10"	0	1969	7	"ptot"	253	1969.53474470735
"11"	0	1969	8	"ptot"	455.454545454545	1969.61544209215
"12"	0	1969	9	"ptot"	530.909090909091	1969.68742216687
"13"	0	1970	6	"ptot"	260	1970.44767123288
"14"	0	1970	7	"ptot"	336	1970.53506849315
"15"	0	1970	8	"ptot"	315.142857142857	1970.62309197652
"16"	0	1970	9	"ptot"	298.25	1970.71335616438
"17"	0	1971	6	"ptot"	450	1971.46550435865
"18"	0	1971	7	"ptot"	394	1971.53759512938
"19"	0	1971	8	"ptot"	553	1971.62547945205
"20"	0	1971	9	"ptot"	400	1971.72123287671
"21"	0	1972	6	"ntot"	1822.5	1972.44285063752
"22"	0	1972	6	"ptot"	228.333333333333	1972.44285063752
"23"	0	1972	7	"ntot"	1502.72727272727	1972.52930948833
"24"	0	1972	7	"ptot"	405.454545454545	1972.52930948833
"25"	0	1972	8	"ntot"	3124	1972.61010928962
"26"	0	1972	8	"ptot"	331.272727272727	1972.61425732737
"27"	0	1972	9	"ntot"	3387.5	1972.69603825137
"28"	0	1972	9	"ptot"	257.5	1972.69603825137
"29"	0	1973	6	"ntot"	1566.66666666667	1973.45570776256
"30"	0	1973	6	"ptot"	317.666666666667	1973.45570776256
"31"	0	1973	7	"ntot"	2733.33333333333	1973.5397260274
"32"	0	1973	7	"ptot"	483.333333333333	1973.5397260274
"33"	0	1973	8	"ntot"	2721.11111111111	1973.63378995434
"34"	0	1973	8	"ptot"	377.333333333333	1973.63378995434
"35"	0	1973	9	"ntot"	2125	1973.71095890411
"36"	0	1973	9	"ptot"	307.5	1973.71095890411
"37"	0	1974	6	"ntot"	1118.33333333333	1974.43242009132
"38"	0	1974	6	"ptot"	169.166666666667	1974.43242009132
"39"	0	1974	7	"ntot"	1801.66666666667	1974.5296803653
"40"	0	1974	7	"ptot"	330.166666666667	1974.5296803653
"41"	0	1974	8	"ntot"	2352	1974.61369863014
"42"	0	1974	8	"ptot"	302	1974.61369863014
"43"	0	1974	9	"ntot"	2968.88888888889	1974.70228310502
"44"	0	1974	9	"ptot"	396.666666666667	1974.70228310502
"45"	0	1975	6	"ntot"	1740	1975.4602739726
"46"	0	1975	6	"ptot"	282	1975.4602739726
"47"	0	1975	7	"ntot"	1116	1975.51178082192
"48"	0	1975	7	"ptot"	162	1975.51178082192
"49"	0	1975	8	"ntot"	1620	1975.62226027397
"50"	0	1975	8	"ptot"	280	1975.62226027397
"51"	0	1975	9	"ntot"	965	1975.73698630137
"52"	0	1975	9	"ptot"	120	1975.73698630137
"53"	0	1976	6	"ntot"	2040	1976.46873102611
"54"	0	1976	6	"ptot"	317.777777777778	1976.46873102611
"55"	0	1976	7	"ntot"	1161	1976.54453551913
"56"	0	1976	7	"ptot"	366.1	1976.54453551913
"57"	0	1976	8	"ntot"	2064.28571428571	1976.61592505855
"58"	0	1976	8	"ptot"	320	1976.61592505855
"59"	0	1976	9	"ntot"	2033.33333333333	1976.70491803279
"60"	0	1976	9	"ptot"	303.333333333333	1976.70491803279
"61"	0	1977	6	"ntot"	2076.25	1977.45410958904
"62"	0	1977	6	"ptot"	188	1977.45410958904
"63"	0	1977	7	"ntot"	1432	1977.5295890411
"64"	0	1977	7	"ptot"	239	1977.53211567732
"65"	0	1977	8	"ntot"	1183.63636363636	1977.62440846824
"66"	0	1977	8	"ptot"	182.818181818182	1977.62440846824
"67"	0	1977	9	"ntot"	2068.57142857143	1977.70645792564
"68"	0	1977	9	"ptot"	334.142857142857	1977.70645792564
"69"	0	1978	6	"ntot"	1600	1978.45844748858
"70"	0	1978	6	"ptot"	270	1978.45844748858
"71"	0	1978	7	"ntot"	2005.55555555556	1978.52085235921
"72"	0	1978	7	"ptot"	382.555555555556	1978.52085235921
"73"	0	1978	8	"ntot"	2288.88888888889	1978.64566210046
"74"	0	1978	8	"ptot"	335.333333333333	1978.64566210046
"75"	0	1978	9	"ntot"	2425	1978.69589041096
"76"	0	1978	9	"ptot"	177.5	1978.69589041096
"77"	0	1979	6	"ntot"	2288.75	1979.46301369863
"78"	0	1979	6	"ptot"	126.875	1979.46301369863
"79"	0	1979	7	"ntot"	1590	1979.52694063927
"80"	0	1979	7	"ptot"	93.4	1979.52
"81"	0	1979	8	"ntot"	2262.5	1979.63493150685
"82"	0	1979	8	"ptot"	149.125	1979.63493150685
"83"	0	1979	9	"ntot"	1911.42857142857	1979.70371819961
"84"	0	1979	9	"ptot"	120	1979.70371819961
"85"	0	1980	6	"ntot"	1827.27272727273	1980.45305514158
"86"	0	1980	6	"ptot"	150.454545454545	1980.45305514158
"87"	0	1980	7	"ntot"	2133.33333333333	1980.52823315118
"88"	0	1980	7	"ptot"	209.5	1980.52823315118
"89"	0	1980	8	"ntot"	2187.5	1980.62978142077
"90"	0	1980	8	"ptot"	226.25	1980.62978142077
"91"	0	1980	9	"ntot"	1830	1980.70882123341
"92"	0	1980	9	"ptot"	135.571428571429	1980.70882123341
"93"	0	1981	6	"ntot"	2275	1981.4595890411
"94"	0	1981	6	"ptot"	192.5	1981.4595890411
"95"	0	1981	7	"ntot"	2310	1981.53698630137
"96"	0	1981	7	"ptot"	179.75	1981.53698630137
"97"	0	1981	8	"ntot"	2062.5	1981.62808219178
"98"	0	1981	8	"ptot"	196.25	1981.62808219178
"99"	0	1981	9	"ntot"	2016	1981.69863013699
"100"	0	1981	9	"ptot"	117	1981.69863013699
"101"	0	1982	6	"ntot"	2553	1982.4695890411
"102"	0	1982	6	"ptot"	97.9	1982.4695890411
"103"	0	1982	7	"ntot"	1715	1982.53333333333
"104"	0	1982	7	"ptot"	122.333333333333	1982.53333333333
"105"	0	1982	8	"ntot"	2402.94117647059	1982.61982272361
"106"	0	1982	8	"ptot"	198.176470588235	1982.61982272361
"107"	0	1982	9	"ntot"	1473.07692307692	1982.68682824025
"108"	0	1982	9	"ptot"	129.076923076923	1982.68682824025
"109"	0	1983	6	"ntot"	2023.80952380952	1983.44057403783
"110"	0	1983	6	"ptot"	175.52380952381	1983.44057403783
"111"	0	1983	7	"ntot"	2618.33333333333	1983.53287671233
"112"	0	1983	7	"ptot"	200	1983.53287671233
"113"	0	1983	8	"ntot"	2060.90909090909	1983.6102117061
"114"	0	1983	8	"ptot"	176.454545454545	1983.6102117061
"115"	0	1983	9	"ntot"	1764.28571428571	1983.69706457926
"116"	0	1983	9	"ptot"	143.857142857143	1983.69706457926
"117"	0	1984	6	"ntot"	1028.75	1984.43408469945
"118"	0	1984	6	"ptot"	105.375	1984.43408469945
"119"	0	1984	7	"ntot"	1257.5	1984.53346994536
"120"	0	1984	7	"ptot"	125.333333333333	1984.53346994536
"121"	0	1984	8	"ntot"	1270.76923076923	1984.61769651114
"122"	0	1984	8	"ptot"	124.769230769231	1984.61769651114
"123"	0	1984	9	"ntot"	3000	1984.67213114754
"124"	0	1984	9	"ptot"	134	1984.67213114754
"125"	0	1985	6	"ntot"	1595	1985.44092465753
"126"	0	1985	6	"ptot"	87.125	1985.44092465753
"127"	0	1985	7	"ntot"	1606.30434782609	1985.54258487195
"128"	0	1985	7	"ptot"	159.391304347826	1985.54258487195
"129"	0	1985	8	"ntot"	1708.94736842105	1985.61600576784
"130"	0	1985	8	"ptot"	126.842105263158	1985.61600576784
"131"	0	1985	9	"ntot"	1381.66666666667	1985.70776255708
"132"	0	1985	9	"ptot"	93.6666666666667	1985.70776255708
"133"	0	1986	6	"ntot"	1911.81818181818	1986.4597758406
"134"	0	1986	6	"ptot"	103.909090909091	1986.4597758406
"135"	0	1986	7	"ntot"	1150.71428571429	1986.53199608611
"136"	0	1986	7	"ptot"	85.1428571428571	1986.53199608611
"137"	0	1986	8	"ntot"	1593.57142857143	1986.62074363992
"138"	0	1986	8	"ptot"	107.428571428571	1986.62074363992
"139"	0	1986	9	"ntot"	1293.33333333333	1986.70715372907
"140"	0	1986	9	"ptot"	96.2222222222222	1986.70715372907
"141"	0	1987	6	"ntot"	1043.88888888889	1987.44185692542
"142"	0	1987	6	"ptot"	79.2222222222222	1987.44185692542
"143"	0	1987	7	"ntot"	759.5	1987.53082191781
"144"	0	1987	7	"ptot"	70.65	1987.53082191781
"145"	0	1987	8	"ntot"	902.352941176471	1987.62820306205
"146"	0	1987	8	"ptot"	73.7647058823529	1987.62820306205
"147"	0	1987	9	"ntot"	1321.42857142857	1987.71545988258
"148"	0	1987	9	"ptot"	150	1987.71545988258
"149"	0	1988	6	"ntot"	734.375	1988.4525273224
"150"	0	1988	6	"ptot"	64	1988.4525273224
"151"	0	1988	7	"ntot"	796.5	1988.52691256831
"152"	0	1988	7	"ptot"	117.55	1988.52691256831
"153"	0	1988	8	"ntot"	1017.05882352941	1988.61603985857
"154"	0	1988	8	"ptot"	87.7647058823529	1988.61603985857
"155"	0	1988	9	"ntot"	1224.28571428571	1988.71194379391
"156"	0	1988	9	"ptot"	72.4285714285714	1988.71194379391
"157"	0	1989	6	"ntot"	681.25	1989.45342465753
"158"	0	1989	6	"ptot"	64.25	1989.45342465753
"159"	0	1989	7	"ntot"	758.5	1989.53273972603
"160"	0	1989	7	"ptot"	79.3	1989.53273972603
"161"	0	1989	8	"ntot"	823.157894736842	1989.62162941601
"162"	0	1989	8	"ptot"	83.2105263157895	1989.62162941601
"163"	0	1989	9	"ntot"	965	1989.71506849315
"164"	0	1989	9	"ptot"	69.8333333333333	1989.71506849315
"165"	0	1990	6	"ntot"	760.625	1990.45051369863
"166"	0	1990	6	"ptot"	67.625	1990.45051369863
"167"	0	1990	7	"ntot"	826.190476190476	1990.52080887149
"168"	0	1990	7	"ptot"	91.2857142857143	1990.52080887149
"169"	0	1990	8	"ntot"	832.5	1990.62191780822
"170"	0	1990	8	"ptot"	83.6666666666667	1990.62191780822
"171"	0	1990	9	"ntot"	745	1990.69589041096
"172"	0	1990	9	"ptot"	53.9	1990.69589041096
"173"	0	1991	6	"ntot"	1035	1991.47089041096
"174"	0	1991	6	"ptot"	57.125	1991.47089041096
"175"	0	1991	7	"ntot"	953	1991.53397260274
"176"	0	1991	7	"ptot"	78.1	1991.53397260274
"177"	0	1991	8	"ntot"	782	1991.60675799087
"178"	0	1991	8	"ptot"	61.6	1991.60675799087
"179"	0	1991	9	"ntot"	722.5	1991.67773972603
"180"	0	1991	9	"ptot"	62.375	1991.67773972603
"181"	0	1992	6	"ntot"	686.153846153846	1992.47225725095
"182"	0	1992	6	"ptot"	70.9230769230769	1992.47225725095
"183"	0	1992	7	"ntot"	549.230769230769	1992.51345102984
"184"	0	1992	7	"ptot"	50.3846153846154	1992.51345102984
"185"	0	1992	8	"ntot"	653.125	1992.60860655738
"186"	0	1992	8	"ptot"	55.0625	1992.60860655738
"187"	0	1992	9	"ntot"	1339.04761904762	1992.68878480354
"188"	0	1992	9	"ptot"	67.0476190476191	1992.68878480354
"189"	0	1993	6	"ntot"	648.125	1993.48407534247
"190"	0	1993	6	"ptot"	51.4375	1993.48407534247
"191"	0	1993	7	"ntot"	780	1993.52876712329
"192"	0	1993	7	"ptot"	71.5	1993.52876712329
"193"	0	1993	8	"ntot"	944.166666666667	1993.61141552511
"194"	0	1993	8	"ptot"	63.5	1993.61141552511
"195"	0	1993	9	"ntot"	668.461538461538	1993.73361433087
"196"	0	1993	9	"ptot"	48.4615384615385	1993.73361433087
"197"	0	1994	6	"ntot"	1130	1994.46849315068
"198"	0	1994	6	"ptot"	65	1994.46849315068
"199"	0	1994	7	"ntot"	551.875	1994.55445205479
"200"	0	1994	7	"ptot"	51.625	1994.55445205479
"201"	0	1994	8	"ntot"	599	1994.61890410959
"202"	0	1994	8	"ptot"	48.1	1994.61890410959
"203"	0	1994	9	"ntot"	1110	1994.68904109589
"204"	0	1994	9	"ptot"	87	1994.68904109589
"205"	0	1995	6	"ntot"	892.5	1995.46438356164
"206"	0	1995	6	"ptot"	72	1995.46438356164
"207"	0	1995	7	"ntot"	580	1995.54140030441
"208"	0	1995	7	"ptot"	70.5	1995.54140030441
"209"	0	1995	8	"ntot"	550.714285714286	1995.62935420744
"210"	0	1995	8	"ptot"	53.0714285714286	1995.62935420744
"211"	0	1995	9	"ntot"	845	1995.69452054795
"212"	0	1995	9	"ptot"	57.5	1995.69452054795
"213"	0	1996	6	"ntot"	1464.54545454545	1996.45032290114
"214"	0	1996	6	"ptot"	67.3636363636364	1996.45032290114
"215"	0	1996	7	"ntot"	965.263157894737	1996.55162496405
"216"	0	1996	7	"ptot"	72.8421052631579	1996.55162496405
"217"	0	1996	8	"ntot"	592.222222222222	1996.62234365513
"218"	0	1996	8	"ptot"	48.7777777777778	1996.62234365513
"219"	0	1996	9	"ntot"	648.75	1996.69706284153
"220"	0	1996	9	"ptot"	65.25	1996.69706284153
"221"	0	1997	6	"ntot"	484	1997.45753424658
"222"	0	1997	6	"ptot"	49	1997.45753424658
"223"	0	1997	7	"ntot"	591.875	1997.54640410959
"224"	0	1997	7	"ptot"	50.4375	1997.54640410959
"225"	0	1997	8	"ntot"	691.666666666667	1997.61506849315
"226"	0	1997	8	"ptot"	59.6666666666667	1997.61506849315
"227"	0	1997	9	"ntot"	646	1997.6904109589
"228"	0	1997	9	"ptot"	51.2	1997.6904109589
"229"	0	1998	6	"ntot"	684	1998.46520547945
"230"	0	1998	6	"ptot"	55	1998.46520547945
"231"	0	1998	7	"ntot"	909.473684210526	1998.54996395097
"232"	0	1998	7	"ptot"	68.8947368421053	1998.54996395097
"233"	0	1998	8	"ntot"	626.153846153846	1998.61538461538
"234"	0	1998	8	"ptot"	60.8461538461538	1998.61538461538
"235"	0	1998	9	"ntot"	868	1998.68657534247
"236"	0	1998	9	"ptot"	49.6	1998.68657534247
"237"	0	1999	6	"ntot"	605.714285714286	1999.43561643836
"238"	0	1999	6	"ptot"	56.1428571428571	1999.43561643836
"239"	0	1999	7	"ntot"	560.47619047619	1999.54246575342
"240"	0	1999	7	"ptot"	50.5714285714286	1999.54246575342
"241"	0	1999	8	"ntot"	473.636363636364	1999.62092154421
"242"	0	1999	8	"ptot"	41.0909090909091	1999.62092154421
"243"	0	1999	9	"ntot"	535.714285714286	1999.70215264188
"244"	0	1999	9	"ptot"	45.8571428571429	1999.70215264188
"245"	0	2000	6	"ntot"	624.285714285714	2000.44847775176
"246"	0	2000	6	"ptot"	39.5714285714286	2000.44847775176
"247"	0	2000	7	"ntot"	556	2000.54393442623
"248"	0	2000	7	"ptot"	41.88	2000.54393442623
"249"	0	2000	8	"ntot"	598.75	2000.64105191257
"250"	0	2000	8	"ptot"	42.375	2000.64105191257
"251"	0	2000	9	"ntot"	507.142857142857	2000.71545667447
"252"	0	2000	9	"ptot"	33.7142857142857	2000.71545667447
"253"	0	2001	6	"ntot"	545.714285714286	2001.44109589041
"254"	0	2001	6	"ptot"	42.5714285714286	2001.44109589041
"255"	0	2001	7	"ntot"	730.47619047619	2001.53033268102
"256"	0	2001	7	"ptot"	46.5238095238095	2001.53033268102
"257"	0	2001	8	"ntot"	542	2001.63178082192
"258"	0	2001	8	"ptot"	41.4	2001.63178082192
"259"	0	2001	9	"ntot"	1124.28571428571	2001.71037181996
"260"	0	2001	9	"ptot"	77.8571428571429	2001.71037181996
"261"	0	2002	6	"ntot"	504.285714285714	2002.44187866928
"262"	0	2002	6	"ptot"	47.1428571428571	2002.44187866928
"263"	0	2002	7	"ntot"	719.52380952381	2002.51258969341
"264"	0	2002	7	"ptot"	57.8095238095238	2002.51258969341
"265"	0	2002	8	"ntot"	683.076923076923	2002.62592202318
"266"	0	2002	8	"ptot"	61.1538461538462	2002.62592202318
"267"	0	2002	9	"ntot"	740	2002.6904109589
"268"	0	2002	9	"ptot"	64.7142857142857	2002.6904109589
"269"	0	2003	6	"ntot"	532.857142857143	2003.43757338552
"270"	0	2003	6	"ptot"	42	2003.43757338552
"271"	0	2003	7	"ntot"	515.238095238095	2003.51350293542
"272"	0	2003	7	"ptot"	38.4285714285714	2003.51350293542
"273"	0	2003	8	"ntot"	610.909090909091	2003.60747198007
"274"	0	2003	8	"ptot"	60.0909090909091	2003.60747198007
"275"	0	2003	9	"ntot"	512.857142857143	2003.70410958904
"276"	0	2003	9	"ptot"	47	2003.70410958904
"277"	0	2004	6	"ntot"	551.538461538462	2004.45838587642
"278"	0	2004	6	"ptot"	54.1538461538462	2004.45838587642
"279"	0	2004	7	"ntot"	966.666666666667	2004.54635701275
"280"	0	2004	7	"ptot"	79.2333333333333	2004.54635701275
"281"	0	2004	8	"ntot"	1104.84848484848	2004.61574764034
"282"	0	2004	8	"ptot"	95.7878787878788	2004.61574764034
"283"	0	2004	9	"ntot"	790	2004.69520340012
"284"	0	2004	9	"ptot"	62.6666666666667	2004.69520340012
"285"	0	2005	6	"ntot"	943.636363636364	2005.44408468244
"286"	0	2005	6	"ptot"	53.4545454545455	2005.44408468244
"287"	0	2005	7	"ntot"	652.592592592593	2005.51922881786
"288"	0	2005	7	"ptot"	49.5357142857143	2005.52093933464
"289"	0	2005	8	"ntot"	802.307692307692	2005.62360379347
"290"	0	2005	8	"ptot"	73.6923076923077	2005.62360379347
"291"	0	2005	9	"ntot"	658.888888888889	2005.70715372907
"292"	0	2005	9	"ptot"	57.6666666666667	2005.70715372907
"293"	0	2006	6	"ntot"	564.285714285714	2006.44383561644
"294"	0	2006	6	"ptot"	40.1428571428571	2006.44383561644
"295"	0	2006	7	"ntot"	607.142857142857	2006.54233529028
"296"	0	2006	7	"ptot"	53.1428571428571	2006.54233529028
"297"	0	2006	8	"ntot"	695.882352941176	2006.62562449637
"298"	0	2006	8	"ptot"	77.8235294117647	2006.62562449637
"299"	0	2006	9	"ntot"	581.428571428571	2006.72720156556
"300"	0	2006	9	"ptot"	57.7142857142857	2006.72720156556
"301"	0	2007	6	"ntot"	622.352941176471	2007.46140209508
"302"	0	2007	6	"ptot"	48	2007.46140209508
"303"	0	2007	7	"ntot"	560	2007.53808219178
"304"	0	2007	7	"ptot"	51.0666666666667	2007.53808219178
"305"	0	2007	8	"ntot"	570	2007.63163138232
"306"	0	2007	8	"ptot"	58.4545454545455	2007.63163138232
"307"	0	2007	9	"ntot"	544.285714285714	2007.72778864971
"308"	0	2007	9	"ptot"	50.6428571428571	2007.72778864971
"309"	0	2008	6	"ntot"	677.636363636364	2008.46472925981
"310"	0	2008	6	"ptot"	65.9077272727273	2008.46472925981
"311"	0	2008	7	"ntot"	608.142857142857	2008.52107728337
"312"	0	2008	7	"ptot"	50.5872857142857	2008.52107728337
"313"	0	2008	8	"ntot"	644.222222222222	2008.59744990893
"314"	0	2008	8	"ptot"	59.6888888888889	2008.59744990893
"315"	0	2008	9	"ntot"	577.428571428571	2008.72950819672
"316"	0	2008	9	"ptot"	57.1428571428571	2008.72950819672
"317"	0	2009	6	"ntot"	629	2009.47866927593
"318"	0	2009	6	"ptot"	41.1414285714286	2009.47866927593
"319"	0	2009	7	"ntot"	666.75	2009.52273972603
"320"	0	2009	7	"ptot"	64.915	2009.52273972603
"321"	0	2009	8	"ntot"	551.714285714286	2009.60469667319
"322"	0	2009	8	"ptot"	41.6142857142857	2009.60469667319
"323"	0	2009	9	"ntot"	537.428571428571	2009.70136986301
"324"	0	2009	9	"ptot"	40.01	2009.70136986301
"325"	0	2010	6	"ntot"	680.714285714286	2010.44540117417
"326"	0	2010	6	"ptot"	42.5164285714286	2010.44540117417
"327"	0	2010	7	"ntot"	598.571428571429	2010.52498369211
"328"	0	2010	7	"ptot"	53.777380952381	2010.52498369211
"329"	0	2010	8	"ntot"	855.714285714286	2010.61037181996
"330"	0	2010	8	"ptot"	94.0482142857143	2010.61037181996
"331"	0	2010	9	"ntot"	657.666666666667	2010.69741248097
"332"	0	2010	9	"ptot"	58.8766666666667	2010.69741248097
"333"	0	2011	6	"ntot"	433.5	2011.45376712329
"334"	0	2011	6	"ptot"	45.07	2011.45376712329
"335"	0	2011	7	"ntot"	637.833333333333	2011.53515981735
"336"	0	2011	7	"ptot"	62.7841666666667	2011.53515981735
"337"	0	2011	8	"ntot"	649.428571428571	2011.64540117417
"338"	0	2011	8	"ptot"	68.5014285714286	2011.64540117417
"339"	0	2011	9	"ntot"	699.571428571429	2011.70802348337
"340"	0	2011	9	"ptot"	55.2107142857143	2011.70802348337
"341"	0	2012	6	"ntot"	852.857142857143	2012.44457455113
"342"	0	2012	6	"ptot"	48.3985714285714	2012.44457455113
"343"	0	2012	7	"ntot"	853.857142857143	2012.50078064012
"344"	0	2012	7	"ptot"	52.9714285714286	2012.50078064012
"345"	0	2012	8	"ntot"	613.28	2012.62918032787
"346"	0	2012	8	"ptot"	53.2246	2012.62918032787
"347"	0	2012	9	"ntot"	793.857142857143	2012.67798594848
"348"	0	2012	9	"ptot"	71.3421428571429	2012.67798594848
"349"	0	2013	6	"ntot"	532.857142857143	2013.46594911937
"350"	0	2013	6	"ptot"	50.4625	2013.46594911937
"351"	0	2013	7	"ntot"	721.5	2013.52328767123
"352"	0	2013	7	"ptot"	65.84	2013.52328767123
"353"	0	2013	8	"ntot"	543.192307692308	2013.63498419389
"354"	0	2013	8	"ptot"	44.6807692307692	2013.63498419389
"355"	0	2013	9	"ntot"	553.714285714286	2013.67436399217
"356"	0	2013	9	"ptot"	45.1464285714286	2013.67436399217
"357"	0	2014	6	"ntot"	647.272727272727	2014.43486924035
"358"	0	2014	6	"ptot"	56.7272727272727	2014.43486924035
"359"	0	2014	7	"ntot"	464.285714285714	2014.49863013699
"360"	0	2014	7	"ptot"	49.7142857142857	2014.49863013699
"361"	0	2014	8	"ntot"	643.939393939394	2014.61527604815
"362"	0	2014	8	"ptot"	76.3636363636364	2014.61527604815
"363"	0	2014	9	"ntot"	582.222222222222	2014.70228310502
"364"	0	2014	9	"ptot"	47.6666666666667	2014.70228310502
"365"	0	2015	6	"ntot"	514.444444444444	2015.44566210046
"366"	0	2015	6	"ptot"	43.5	2015.44566210046
"367"	0	2015	7	"ntot"	524.444444444444	2015.53698630137
"368"	0	2015	7	"ptot"	48	2015.53698630137
"369"	0	2015	8	"ntot"	587.307692307692	2015.63582718651
"370"	0	2015	8	"ptot"	51.8846153846154	2015.63582718651
"371"	0	2015	9	"ntot"	611.25	2015.69880136986
"372"	0	2015	9	"ptot"	59.125	2015.69880136986
"373"	0	2016	6	"ntot"	724.444444444444	2016.45355191257
"374"	0	2016	6	"ptot"	49.3333333333333	2016.45355191257
"375"	0	2016	7	"ntot"	655.714285714286	2016.55113192818
"376"	0	2016	7	"ptot"	46.4285714285714	2016.55113192818
"377"	0	2016	8	"ntot"	657.777777777778	2016.63782635094
"378"	0	2016	8	"ptot"	53.3333333333333	2016.63782635094
"379"	0	2016	9	"ntot"	603.928571428571	2016.70765027322
"380"	0	2016	9	"ptot"	52.0714285714286	2016.70765027322
"381"	0	2017	6	"ntot"	583.333333333333	2017.43744292237
"382"	0	2017	6	"ptot"	46.7777777777778	2017.43744292237
"383"	0	2017	7	"ntot"	481.818181818182	2017.51930261519
"384"	0	2017	7	"ptot"	52.3636363636364	2017.51930261519
"385"	0	2017	8	"ntot"	710.588235294118	2017.6159548751
"386"	0	2017	8	"ptot"	67.0588235294118	2017.6159548751
"387"	0	2017	9	"ntot"	624.444444444444	2017.73789954338
"388"	0	2017	9	"ptot"	49.7777777777778	2017.73789954338
"389"	0	2018	6	"ntot"	508.125	2018.46626712329
"390"	0	2018	6	"ptot"	54.125	2018.46626712329
"391"	0	2018	7	"ntot"	663.333333333333	2018.5196347032
"392"	0	2018	7	"ptot"	54.4444444444444	2018.5196347032
"393"	0	2018	8	"ntot"	670	2018.61948249619
"394"	0	2018	8	"ptot"	90.5555555555556	2018.61948249619
"395"	0	2018	9	"ntot"	554.705882352941	2018.69701853344
"396"	0	2018	9	"ptot"	57.9411764705882	2018.69701853344
"397"	0	2019	6	"ntot"	607.142857142857	2019.45949119374
"398"	0	2019	6	"ptot"	57.7142857142857	2019.45949119374
"399"	0	2019	7	"ntot"	494.444444444444	2019.54550989346
"400"	0	2019	7	"ptot"	50.2222222222222	2019.54550989346
"401"	0	2019	8	"ntot"	534.090909090909	2019.60759651308
"402"	0	2019	8	"ptot"	59.9090909090909	2019.60759651308
"403"	0	2019	9	"ntot"	480	2019.71111111111
"404"	0	2019	9	"ptot"	54.5555555555556	2019.71111111111
"405"	0	2020	6	"ntot"	599.285714285714	2020.45725995316
"406"	0	2020	6	"ptot"	93.6428571428571	2020.45725995316
"407"	0	2020	7	"ntot"	592.857142857143	2020.55464480874
"408"	0	2020	7	"ptot"	59.1428571428571	2020.55464480874
"409"	0	2020	8	"ntot"	633.6	2020.60218579235
"410"	0	2020	8	"ptot"	59.2	2020.60218579235
"411"	0	2020	9	"ntot"	737.142857142857	2020.68423106948
"412"	0	2020	9	"ptot"	78	2020.68423106948
"413"	0	2021	6	"ntot"	671.111111111111	2021.42922374429
"414"	0	2021	6	"ptot"	52.8888888888889	2021.42922374429
"415"	0	2021	7	"ntot"	633	2021.54808219178
"416"	0	2021	7	"ptot"	81.4	2021.54808219178
"417"	0	2021	8	"ntot"	726.25	2021.60616438356
"418"	0	2021	8	"ptot"	60.8125	2021.60616438356
"419"	0	2021	9	"ntot"	563.333333333333	2021.7196347032
"420"	0	2021	9	"ptot"	50.1111111111111	2021.7196347032
"421"	1	1967	8	"ptot"	14	1967.61917808219
"422"	1	1967	9	"ptot"	31.8	1967.71342465753
"423"	1	1968	6	"ptot"	31.9	1968.45601092896
"424"	1	1968	7	"ptot"	17.8333333333333	1968.55464480874
"425"	1	1968	8	"ptot"	18.5555555555556	1968.63448694596
"426"	1	1968	9	"ptot"	19.3	1968.70983606557
"427"	1	1969	6	"ptot"	16.8333333333333	1969.45570776256
"428"	1	1969	7	"ptot"	14.875	1969.53321917808
"429"	1	1969	8	"ptot"	20.25	1969.6102739726
"430"	1	1969	9	"ptot"	23.375	1969.68664383562
"431"	1	1970	6	"ptot"	27.3333333333333	1970.45296803653
"432"	1	1970	7	"ptot"	28.5	1970.54794520548
"433"	1	1970	8	"ptot"	36.75	1970.62465753425
"434"	1	1970	9	"ptot"	25.8333333333333	1970.699543379
"435"	1	1971	6	"ptot"	22.6	1971.45150684932
"436"	1	1971	7	"ptot"	25.6666666666667	1971.53333333333
"437"	1	1971	8	"ptot"	20.1111111111111	1971.6100456621
"438"	1	1971	9	"ptot"	46.5	1971.70410958904
"439"	1	1972	6	"ntot"	389.285714285714	1972.44964871194
"440"	1	1972	6	"ptot"	19.1428571428571	1972.44964871194
"441"	1	1972	7	"ntot"	575	1972.54098360656
"442"	1	1972	7	"ptot"	28.5	1972.54098360656
"443"	1	1972	8	"ntot"	400.714285714286	1972.61319281811
"444"	1	1972	8	"ptot"	21.6428571428571	1972.61319281811
"445"	1	1972	9	"ntot"	510	1972.7131147541
"446"	1	1972	9	"ptot"	21.5	1972.7131147541
"447"	1	1973	6	"ntot"	605	1973.45068493151
"448"	1	1973	6	"ptot"	32.5	1973.45068493151
"449"	1	1973	7	"ntot"	380	1973.55616438356
"450"	1	1973	7	"ptot"	22.6	1973.55616438356
"451"	1	1973	8	"ntot"	417.5	1973.59726027397
"452"	1	1973	8	"ptot"	26.5	1973.59726027397
"453"	1	1973	9	"ntot"	340	1973.7095890411
"454"	1	1973	9	"ptot"	24.5	1973.7095890411
"455"	1	1974	6	"ntot"	326.25	1974.45479452055
"456"	1	1974	6	"ptot"	20	1974.45479452055
"457"	1	1974	7	"ntot"	345	1974.51506849315
"458"	1	1974	7	"ptot"	16	1974.51506849315
"459"	1	1974	8	"ntot"	446.25	1974.63287671233
"460"	1	1974	8	"ptot"	25	1974.63287671233
"461"	1	1974	9	"ntot"	732	1974.68383561644
"462"	1	1974	9	"ptot"	28.2	1974.68383561644
"463"	1	1975	6	"ntot"	326.875	1975.47671232877
"464"	1	1975	6	"ptot"	18	1975.47671232877
"465"	1	1975	7	"ntot"	340	1975.52465753425
"466"	1	1975	7	"ptot"	14.75	1975.52465753425
"467"	1	1975	8	"ntot"	367.222222222222	1975.62739726027
"468"	1	1975	8	"ptot"	21.5	1975.62739726027
"469"	1	1975	9	"ntot"	380	1975.74520547945
"470"	1	1975	9	"ptot"	26.5	1975.74520547945
"471"	1	1976	6	"ntot"	426	1976.44918032787
"472"	1	1976	6	"ptot"	27.2	1976.44918032787
"473"	1	1976	7	"ntot"	336.818181818182	1976.53340784898
"474"	1	1976	7	"ptot"	21.8181818181818	1976.53340784898
"475"	1	1976	8	"ntot"	435.833333333333	1976.60951730419
"476"	1	1976	8	"ptot"	24.3333333333333	1976.60951730419
"477"	1	1976	9	"ntot"	453.333333333333	1976.70947176685
"478"	1	1976	9	"ptot"	26.6666666666667	1976.70947176685
"479"	1	1977	6	"ntot"	270.833333333333	1977.47579908676
"480"	1	1977	6	"ptot"	19.75	1977.47579908676
"481"	1	1977	7	"ntot"	263	1977.52383561644
"482"	1	1977	7	"ptot"	16	1977.52383561644
"483"	1	1977	8	"ntot"	343.333333333333	1977.63531202435
"484"	1	1977	8	"ptot"	19.3333333333333	1977.63531202435
"485"	1	1977	9	"ntot"	355	1977.71506849315
"486"	1	1977	9	"ptot"	31	1977.71506849315
"487"	1	1978	6	"ntot"	284	1978.4701369863
"488"	1	1978	6	"ptot"	16	1978.4701369863
"489"	1	1978	7	"ntot"	250	1978.51643835616
"490"	1	1978	7	"ptot"	17.6666666666667	1978.51643835616
"491"	1	1978	8	"ntot"	297.5	1978.63578767123
"492"	1	1978	8	"ptot"	21.5625	1978.63578767123
"493"	1	1978	9	"ntot"	322.5	1978.69863013699
"494"	1	1978	9	"ptot"	34.25	1978.69863013699
"495"	1	1979	6	"ntot"	268.333333333333	1979.4698630137
"496"	1	1979	6	"ptot"	19.8333333333333	1979.4698630137
"497"	1	1979	7	"ntot"	288.3	1979.51397260274
"498"	1	1979	7	"ptot"	14.7	1979.51397260274
"499"	1	1979	8	"ntot"	356	1979.64
"500"	1	1979	8	"ptot"	21.9	1979.64
"501"	1	1979	9	"ntot"	320.833333333333	1979.68447488584
"502"	1	1979	9	"ptot"	24.0833333333333	1979.68447488584
"503"	1	1980	6	"ntot"	330	1980.47158469945
"504"	1	1980	6	"ptot"	20.9	1980.47158469945
"505"	1	1980	7	"ntot"	332.307692307692	1980.51387137453
"506"	1	1980	7	"ptot"	20.0769230769231	1980.51387137453
"507"	1	1980	8	"ntot"	367.5	1980.60928961749
"508"	1	1980	8	"ptot"	21.25	1980.60928961749
"509"	1	1980	9	"ntot"	328.333333333333	1980.6788099575
"510"	1	1980	9	"ptot"	18.2222222222222	1980.6788099575
"511"	1	1981	6	"ntot"	342.5	1981.45376712329
"512"	1	1981	6	"ptot"	16.125	1981.45376712329
"513"	1	1981	7	"ntot"	371.111111111111	1981.52237442922
"514"	1	1981	7	"ptot"	15.5	1981.52237442922
"515"	1	1981	8	"ntot"	365	1981.62465753425
"516"	1	1981	8	"ptot"	18.75	1981.62465753425
"517"	1	1981	9	"ntot"	368.888888888889	1981.67579908676
"518"	1	1981	9	"ptot"	23.3333333333333	1981.67579908676
"519"	1	1982	6	"ntot"	360	1982.44520547945
"520"	1	1982	6	"ptot"	15.5	1982.44520547945
"521"	1	1982	7	"ntot"	347	1982.51726027397
"522"	1	1982	7	"ptot"	18.6	1982.51726027397
"523"	1	1982	8	"ntot"	357.5	1982.64429223744
"524"	1	1982	8	"ptot"	22.0833333333333	1982.64429223744
"525"	1	1982	9	"ntot"	442.5	1982.71780821918
"526"	1	1982	9	"ptot"	23	1982.71780821918
"527"	1	1983	6	"ntot"	386.666666666667	1983.45936073059
"528"	1	1983	6	"ptot"	19.75	1983.45936073059
"529"	1	1983	7	"ntot"	370.833333333333	1983.52146118721
"530"	1	1983	7	"ptot"	16.75	1983.52146118721
"531"	1	1983	8	"ntot"	365.833333333333	1983.6301369863
"532"	1	1983	8	"ptot"	19.9166666666667	1983.6301369863
"533"	1	1983	9	"ntot"	367	1983.70082191781
"534"	1	1983	9	"ptot"	21.8	1983.70082191781
"535"	1	1984	6	"ntot"	350.625	1984.45116120219
"536"	1	1984	6	"ptot"	22.5625	1984.45116120219
"537"	1	1984	7	"ntot"	366.666666666667	1984.529143898
"538"	1	1984	7	"ptot"	25.6666666666667	1984.529143898
"539"	1	1984	8	"ntot"	392.777777777778	1984.62689738919
"540"	1	1984	8	"ptot"	23.5555555555556	1984.62689738919
"541"	1	1984	9	"ntot"	410	1984.69945355191
"542"	1	1984	9	"ptot"	28.75	1984.69945355191
"543"	1	1985	6	"ntot"	389.230769230769	1985.45100105374
"544"	1	1985	6	"ptot"	18.7692307692308	1985.45100105374
"545"	1	1985	7	"ntot"	356.25	1985.51780821918
"546"	1	1985	7	"ptot"	17.375	1985.51780821918
"547"	1	1985	8	"ntot"	350.555555555556	1985.62100456621
"548"	1	1985	8	"ptot"	19.6111111111111	1985.62100456621
"549"	1	1985	9	"ntot"	355	1985.71369863014
"550"	1	1985	9	"ptot"	24.25	1985.71369863014
"551"	1	1986	6	"ntot"	299.411764705882	1986.46269137792
"552"	1	1986	6	"ptot"	14.8235294117647	1986.46269137792
"553"	1	1986	7	"ntot"	340	1986.51689497717
"554"	1	1986	7	"ptot"	15.5	1986.51689497717
"555"	1	1986	8	"ntot"	377.058823529412	1986.61450443191
"556"	1	1986	8	"ptot"	19.4117647058824	1986.61450443191
"557"	1	1986	9	"ntot"	461.25	1986.69726027397
"558"	1	1986	9	"ptot"	22.2222222222222	1986.69680365297
"559"	1	1987	6	"ntot"	408.888888888889	1987.47092846271
"560"	1	1987	6	"ptot"	20.2777777777778	1987.47092846271
"561"	1	1987	7	"ntot"	396.666666666667	1987.51643835616
"562"	1	1987	7	"ptot"	19.8333333333333	1987.51643835616
"563"	1	1987	8	"ntot"	427.5	1987.61095890411
"564"	1	1987	8	"ptot"	21.25	1987.61095890411
"565"	1	1987	9	"ntot"	346.666666666667	1987.68730593607
"566"	1	1987	9	"ptot"	23.3333333333333	1987.68730593607
"567"	1	1988	6	"ntot"	421.666666666667	1988.46038251366
"568"	1	1988	6	"ptot"	21.5833333333333	1988.46038251366
"569"	1	1988	7	"ntot"	520	1988.53278688525
"570"	1	1988	7	"ptot"	32.25	1988.53278688525
"571"	1	1988	8	"ntot"	443.75	1988.62955373406
"572"	1	1988	8	"ptot"	22.1666666666667	1988.62955373406
"573"	1	1988	9	"ntot"	430.833333333333	1988.70491803279
"574"	1	1988	9	"ptot"	23.5	1988.70491803279
"575"	1	1989	6	"ntot"	435	1989.46078767123
"576"	1	1989	6	"ptot"	22.0625	1989.46078767123
"577"	1	1989	7	"ntot"	397.5	1989.51438356164
"578"	1	1989	7	"ptot"	23.25	1989.51438356164
"579"	1	1989	8	"ntot"	426.666666666667	1989.61598173516
"580"	1	1989	8	"ptot"	22.8888888888889	1989.61598173516
"581"	1	1989	9	"ntot"	451.111111111111	1989.69452054795
"582"	1	1989	9	"ptot"	21.5555555555556	1989.69452054795
"583"	1	1990	6	"ntot"	401.666666666667	1990.4595890411
"584"	1	1990	6	"ptot"	24	1990.4595890411
"585"	1	1990	7	"ntot"	453.75	1990.52534246575
"586"	1	1990	7	"ptot"	30.375	1990.52534246575
"587"	1	1990	8	"ntot"	416.818181818182	1990.61307596513
"588"	1	1990	8	"ptot"	28.9545454545455	1990.61307596513
"589"	1	1990	9	"ntot"	415.714285714286	1990.69510763209
"590"	1	1990	9	"ptot"	21.8571428571429	1990.69510763209
"591"	1	1991	6	"ntot"	381.25	1991.43949771689
"592"	1	1991	6	"ptot"	15.375	1991.43949771689
"593"	1	1991	7	"ntot"	372.5	1991.52835616438
"594"	1	1991	7	"ptot"	18.5	1991.52835616438
"595"	1	1991	8	"ntot"	333.684210526316	1991.61845710166
"596"	1	1991	8	"ptot"	18.6842105263158	1991.61845710166
"597"	1	1991	9	"ntot"	350.625	1991.68938356164
"598"	1	1991	9	"ptot"	20.625	1991.68938356164
"599"	1	1992	6	"ntot"	361	1992.46448087432
"600"	1	1992	6	"ptot"	18.45	1992.46448087432
"601"	1	1992	7	"ntot"	385	1992.54310868245
"602"	1	1992	7	"ptot"	19.2222222222222	1992.54310868245
"603"	1	1992	8	"ntot"	385	1992.61991499696
"604"	1	1992	8	"ptot"	17.3333333333333	1992.61991499696
"605"	1	1992	9	"ntot"	449.5	1992.71393442623
"606"	1	1992	9	"ptot"	23.8	1992.71393442623
"607"	1	1993	6	"ntot"	391.363636363636	1993.45205479452
"608"	1	1993	6	"ptot"	17.0909090909091	1993.45205479452
"609"	1	1993	7	"ntot"	367.777777777778	1993.53774733638
"610"	1	1993	7	"ptot"	19.3888888888889	1993.53774733638
"611"	1	1993	8	"ntot"	411.666666666667	1993.61537290715
"612"	1	1993	8	"ptot"	26.4444444444444	1993.61537290715
"613"	1	1993	9	"ntot"	382.222222222222	1993.71080669711
"614"	1	1993	9	"ptot"	24.1111111111111	1993.71080669711
"615"	1	1994	6	"ntot"	381.428571428571	1994.45335942596
"616"	1	1994	6	"ptot"	20.9047619047619	1994.45335942596
"617"	1	1994	7	"ntot"	367.222222222222	1994.53576864536
"618"	1	1994	7	"ptot"	18.8888888888889	1994.53576864536
"619"	1	1994	8	"ntot"	414.444444444444	1994.59802130898
"620"	1	1994	8	"ptot"	19.2222222222222	1994.59802130898
"621"	1	1994	9	"ntot"	358.181818181818	1994.69863013699
"622"	1	1994	9	"ptot"	19.3636363636364	1994.69863013699
"623"	1	1995	6	"ntot"	370.5	1995.45095890411
"624"	1	1995	6	"ptot"	22.8	1995.45095890411
"625"	1	1995	7	"ntot"	346.111111111111	1995.55403348554
"626"	1	1995	7	"ptot"	21.4444444444444	1995.55403348554
"627"	1	1995	8	"ntot"	331.363636363636	1995.61818181818
"628"	1	1995	8	"ptot"	22	1995.61818181818
"629"	1	1995	9	"ntot"	396.818181818182	1995.69439601494
"630"	1	1995	9	"ptot"	21.5454545454545	1995.69439601494
"631"	1	1996	6	"ntot"	350.714285714286	1996.44340359094
"632"	1	1996	6	"ptot"	18.7142857142857	1996.44340359094
"633"	1	1996	7	"ntot"	300.714285714286	1996.537470726
"634"	1	1996	7	"ptot"	20.4285714285714	1996.537470726
"635"	1	1996	8	"ntot"	395.714285714286	1996.61592505855
"636"	1	1996	8	"ptot"	18.7142857142857	1996.61592505855
"637"	1	1996	9	"ntot"	457.857142857143	1996.69203747073
"638"	1	1996	9	"ptot"	23.6428571428571	1996.69203747073
"639"	1	1997	6	"ntot"	343.571428571429	1997.45714285714
"640"	1	1997	6	"ptot"	23.8571428571429	1997.45714285714
"641"	1	1997	7	"ntot"	455.714285714286	1997.53346379648
"642"	1	1997	7	"ptot"	31.1428571428571	1997.53346379648
"643"	1	1997	8	"ntot"	414.285714285714	1997.61017612524
"644"	1	1997	8	"ptot"	30.7857142857143	1997.61017612524
"645"	1	1997	9	"ntot"	397.857142857143	1997.68688845401
"646"	1	1997	9	"ptot"	20.5	1997.68688845401
"647"	1	1998	6	"ntot"	382.222222222222	1998.46666666667
"648"	1	1998	6	"ptot"	22.0555555555556	1998.46666666667
"649"	1	1998	7	"ntot"	344.285714285714	1998.53268101761
"650"	1	1998	7	"ptot"	22.2857142857143	1998.53268101761
"651"	1	1998	8	"ntot"	308.125	1998.60547945205
"652"	1	1998	8	"ptot"	26.875	1998.60547945205
"653"	1	1998	9	"ntot"	334.285714285714	1998.68571428571
"654"	1	1998	9	"ptot"	26.1428571428571	1998.68571428571
"655"	1	1999	6	"ntot"	343.571428571429	1999.43561643836
"656"	1	1999	6	"ptot"	22.5	1999.43561643836
"657"	1	1999	7	"ntot"	355	1999.53150684932
"658"	1	1999	7	"ptot"	24	1999.53150684932
"659"	1	1999	8	"ntot"	367.857142857143	1999.60861056751
"660"	1	1999	8	"ptot"	18.4285714285714	1999.60861056751
"661"	1	1999	9	"ntot"	340.714285714286	1999.70450097847
"662"	1	1999	9	"ptot"	17.0714285714286	1999.70450097847
"663"	1	2000	6	"ntot"	378.571428571429	2000.44769711163
"664"	1	2000	6	"ptot"	17.5714285714286	2000.44769711163
"665"	1	2000	7	"ntot"	322.857142857143	2000.52380952381
"666"	1	2000	7	"ptot"	15.7857142857143	2000.52380952381
"667"	1	2000	8	"ntot"	303.571428571429	2000.63973458236
"668"	1	2000	8	"ptot"	17.0714285714286	2000.63973458236
"669"	1	2000	9	"ntot"	347.857142857143	2000.71467603435
"670"	1	2000	9	"ptot"	18	2000.71467603435
"671"	1	2001	6	"ntot"	300.833333333333	2001.44429223744
"672"	1	2001	6	"ptot"	12.0833333333333	2001.44429223744
"673"	1	2001	7	"ntot"	340.833333333333	2001.52557077626
"674"	1	2001	7	"ptot"	13.25	2001.52557077626
"675"	1	2001	8	"ntot"	345	2001.63378995434
"676"	1	2001	8	"ptot"	19.8333333333333	2001.63378995434
"677"	1	2001	9	"ntot"	395.714285714286	2001.71389432485
"678"	1	2001	9	"ptot"	25.3571428571429	2001.71389432485
"679"	1	2002	6	"ntot"	352.5	2002.44292237443
"680"	1	2002	6	"ptot"	17.6666666666667	2002.44292237443
"681"	1	2002	7	"ntot"	425.833333333333	2002.53607305936
"682"	1	2002	7	"ptot"	21.5	2002.53607305936
"683"	1	2002	8	"ntot"	400	2002.61324200913
"684"	1	2002	8	"ptot"	19.75	2002.61324200913
"685"	1	2002	9	"ntot"	393.333333333333	2002.6899543379
"686"	1	2002	9	"ptot"	25.6666666666667	2002.6899543379
"687"	1	2003	6	"ntot"	288.333333333333	2003.43881278539
"688"	1	2003	6	"ptot"	22.3333333333333	2003.43881278539
"689"	1	2003	7	"ntot"	381.666666666667	2003.53333333333
"690"	1	2003	7	"ptot"	15.3333333333333	2003.53333333333
"691"	1	2003	8	"ntot"	365.833333333333	2003.60228310502
"692"	1	2003	8	"ptot"	18.3333333333333	2003.60228310502
"693"	1	2003	9	"ntot"	327.5	2003.70776255708
"694"	1	2003	9	"ptot"	32.8333333333333	2003.70776255708
"695"	1	2004	6	"ntot"	294.166666666667	2004.45673952641
"696"	1	2004	6	"ptot"	30.5833333333333	2004.45673952641
"697"	1	2004	7	"ntot"	290.833333333333	2004.53187613843
"698"	1	2004	7	"ptot"	26.5833333333333	2004.53187613843
"699"	1	2004	8	"ntot"	411.666666666667	2004.62659380692
"700"	1	2004	8	"ptot"	32.4583333333333	2004.62659380692
"701"	1	2004	9	"ntot"	340.833333333333	2004.70765027322
"702"	1	2004	9	"ptot"	47.0833333333333	2004.70765027322
"703"	1	2005	6	"ntot"	343.333333333333	2005.4502283105
"704"	1	2005	6	"ptot"	21.75	2005.4502283105
"705"	1	2005	7	"ntot"	382.5	2005.52511415525
"706"	1	2005	7	"ptot"	21.75	2005.52511415525
"707"	1	2005	8	"ntot"	363.75	2005.62020547945
"708"	1	2005	8	"ptot"	19.375	2005.62020547945
"709"	1	2005	9	"ntot"	384.166666666667	2005.70273972603
"710"	1	2005	9	"ptot"	34.4166666666667	2005.70273972603
"711"	1	2006	6	"ntot"	350	2006.43082191781
"712"	1	2006	6	"ptot"	18.875	2006.43082191781
"713"	1	2006	7	"ntot"	338.125	2006.52534246575
"714"	1	2006	7	"ptot"	18.5625	2006.52534246575
"715"	1	2006	8	"ntot"	436.875	2006.63664383562
"716"	1	2006	8	"ptot"	24.1875	2006.63664383562
"717"	1	2006	9	"ntot"	348.75	2006.70068493151
"718"	1	2006	9	"ptot"	32.1875	2006.70068493151
"719"	1	2007	6	"ntot"	341.875	2007.4448630137
"720"	1	2007	6	"ptot"	20.25	2007.4448630137
"721"	1	2007	7	"ntot"	350.625	2007.56095890411
"722"	1	2007	7	"ptot"	28.875	2007.56095890411
"723"	1	2007	8	"ntot"	461.875	2007.61678082192
"724"	1	2007	8	"ptot"	30.1875	2007.61678082192
"725"	1	2007	9	"ntot"	372.5	2007.70239726027
"726"	1	2007	9	"ptot"	22.8125	2007.70239726027
"727"	1	2008	6	"ntot"	355.75	2008.42178961749
"728"	1	2008	6	"ptot"	20.3875	2008.42178961749
"729"	1	2008	7	"ntot"	366.875	2008.5443989071
"730"	1	2008	7	"ptot"	22.5075625	2008.5443989071
"731"	1	2008	8	"ntot"	411.0625	2008.62602459016
"732"	1	2008	8	"ptot"	25.57375	2008.62602459016
"733"	1	2008	9	"ntot"	373.6875	2008.7025273224
"734"	1	2008	9	"ptot"	22.975	2008.7025273224
"735"	1	2009	6	"ntot"	370.3125	2009.45684931507
"736"	1	2009	6	"ptot"	19.43375	2009.45684931507
"737"	1	2009	7	"ntot"	356.8125	2009.51952054795
"738"	1	2009	7	"ptot"	17.1875	2009.51952054795
"739"	1	2009	8	"ntot"	368.375	2009.6404109589
"740"	1	2009	8	"ptot"	16.2	2009.6404109589
"741"	1	2009	9	"ntot"	386.1875	2009.70410958904
"742"	1	2009	9	"ptot"	17.045	2009.70410958904
"743"	1	2010	6	"ntot"	329.9375	2010.43219178082
"744"	1	2010	6	"ptot"	14.4475	2010.43219178082
"745"	1	2010	7	"ntot"	367.5	2010.51335616438
"746"	1	2010	7	"ptot"	13.3675	2010.51335616438
"747"	1	2010	8	"ntot"	414.4375	2010.58869863014
"748"	1	2010	8	"ptot"	37.7146875	2010.58869863014
"749"	1	2010	9	"ntot"	360.625	2010.71164383562
"750"	1	2010	9	"ptot"	23.8859375	2010.71164383562
"751"	1	2011	6	"ntot"	318.875	2011.45308219178
"752"	1	2011	6	"ptot"	24.90875	2011.45308219178
"753"	1	2011	7	"ntot"	389.375	2011.52431506849
"754"	1	2011	7	"ptot"	26.8134375	2011.52431506849
"755"	1	2011	8	"ntot"	355.625	2011.60650684932
"756"	1	2011	8	"ptot"	30.7984375	2011.60650684932
"757"	1	2011	9	"ntot"	357.5	2011.67671232877
"758"	1	2011	9	"ptot"	25.7525	2011.67671232877
"759"	1	2012	6	"ntot"	311.3125	2012.43306010929
"760"	1	2012	6	"ptot"	19.7034375	2012.43306010929
"761"	1	2012	7	"ntot"	263.125	2012.50546448087
"762"	1	2012	7	"ptot"	16.8828125	2012.50546448087
"763"	1	2012	8	"ntot"	326.75	2012.59153005464
"764"	1	2012	8	"ptot"	19.3728125	2012.59153005464
"765"	1	2012	9	"ntot"	309.25	2012.68306010929
"766"	1	2012	9	"ptot"	20.583125	2012.68306010929
"767"	1	2013	6	"ntot"	359.90625	2013.45976027397
"768"	1	2013	6	"ptot"	20.76453125	2013.45976027397
"769"	1	2013	7	"ntot"	324.0625	2013.51609589041
"770"	1	2013	7	"ptot"	20.1128125	2013.51609589041
"771"	1	2013	8	"ntot"	388.9375	2013.59657534247
"772"	1	2013	8	"ptot"	19.8403125	2013.59657534247
"773"	1	2013	9	"ntot"	347.1875	2013.67054794521
"774"	1	2013	9	"ptot"	18.5878125	2013.67054794521
"775"	1	2014	6	"ntot"	347.666666666667	2014.44748858447
"776"	1	2014	6	"ptot"	24.1333333333333	2014.44748858447
"777"	1	2014	7	"ntot"	373.333333333333	2014.49863013699
"778"	1	2014	7	"ptot"	25.8333333333333	2014.49863013699
"779"	1	2014	8	"ntot"	321.25	2014.59657534247
"780"	1	2014	8	"ptot"	20.5625	2014.59657534247
"781"	1	2014	9	"ntot"	335.625	2014.69315068493
"782"	1	2014	9	"ptot"	24.1875	2014.69315068493
"783"	1	2015	6	"ntot"	278.823529411765	2015.47219983884
"784"	1	2015	6	"ptot"	22.2941176470588	2015.47219983884
"785"	1	2015	7	"ntot"	336.875	2015.54897260274
"786"	1	2015	7	"ptot"	22.1875	2015.54897260274
"787"	1	2015	8	"ntot"	344.285714285714	2015.62583170254
"788"	1	2015	8	"ptot"	22.2857142857143	2015.62583170254
"789"	1	2015	9	"ntot"	373.636363636364	2015.71058530511
"790"	1	2015	9	"ptot"	26.1818181818182	2015.71058530511
"791"	1	2016	6	"ntot"	318.75	2016.44626593807
"792"	1	2016	6	"ptot"	19.5416666666667	2016.44626593807
"793"	1	2016	7	"ntot"	378.181818181818	2016.55414803775
"794"	1	2016	7	"ptot"	21.3636363636364	2016.55414803775
"795"	1	2016	8	"ntot"	346.875	2016.64446721311
"796"	1	2016	8	"ptot"	20.75	2016.64446721311
"797"	1	2016	9	"ntot"	316.25	2016.72028688525
"798"	1	2016	9	"ptot"	22.25	2016.72028688525
"799"	1	2017	6	"ntot"	306.666666666667	2017.4301369863
"800"	1	2017	6	"ptot"	27.5	2017.4301369863
"801"	1	2017	7	"ntot"	309.375	2017.52705479452
"802"	1	2017	7	"ptot"	26.5625	2017.52705479452
"803"	1	2017	8	"ntot"	318.125	2017.60787671233
"804"	1	2017	8	"ptot"	30.875	2017.60787671233
"805"	1	2017	9	"ntot"	335.625	2017.69965753425
"806"	1	2017	9	"ptot"	31.3125	2017.69965753425
"807"	1	2018	6	"ntot"	342.5	2018.46952054795
"808"	1	2018	6	"ptot"	26.625	2018.46952054795
"809"	1	2018	7	"ntot"	442.916666666667	2018.55228310502
"810"	1	2018	7	"ptot"	27.0833333333333	2018.55228310502
"811"	1	2018	8	"ntot"	362.222222222222	2018.62100456621
"812"	1	2018	8	"ptot"	33.6111111111111	2018.62100456621
"813"	1	2018	9	"ntot"	395.625	2018.69143835616
"814"	1	2018	9	"ptot"	26.1294117647059	2018.69137792103
"815"	1	2019	6	"ntot"	348.125	2019.4595890411
"816"	1	2019	6	"ptot"	23.375	2019.4595890411
"817"	1	2019	7	"ntot"	386.111111111111	2019.54368340944
"818"	1	2019	7	"ptot"	27.5	2019.54368340944
"819"	1	2019	8	"ntot"	402	2019.61589041096
"820"	1	2019	8	"ptot"	29.8333333333333	2019.61589041096
"821"	1	2019	9	"ntot"	369.375	2019.7
"822"	1	2019	9	"ptot"	28	2019.7
"823"	1	2020	6	"ntot"	411.538461538462	2020.45838587642
"824"	1	2020	6	"ptot"	36.5	2020.45838587642
"825"	1	2020	7	"ntot"	331.875	2020.57069672131
"826"	1	2020	7	"ptot"	32.125	2020.57069672131
"827"	1	2020	8	"ntot"	356.25	2020.64856557377
"828"	1	2020	8	"ptot"	28.9375	2020.64856557377
"829"	1	2020	9	"ntot"	364.375	2020.72848360656
"830"	1	2020	9	"ptot"	38.9375	2020.72848360656
"831"	1	2021	6	"ntot"	320	2021.46883561644
"832"	1	2021	6	"ptot"	23.375	2021.46883561644
"833"	1	2021	7	"ntot"	315.625	2021.54726027397
"834"	1	2021	7	"ptot"	27	2021.54726027397
"835"	1	2021	8	"ntot"	361.875	2021.65308219178
"836"	1	2021	8	"ptot"	22.8125	2021.65308219178
"837"	1	2021	9	"ntot"	371.25	2021.72089041096
"838"	1	2021	9	"ptot"	31.5	2021.72089041096
